2.500000e+02	-2.352000e+03
2.550000e+02	-2.352000e+03
2.600000e+02	-2.352000e+03
2.650000e+02	-2.352000e+03
2.700000e+02	-2.352000e+03
2.750000e+02	-2.352000e+03
2.800000e+02	-2.352000e+03
2.850000e+02	-2.352000e+03
2.900000e+02	-2.352000e+03
2.950000e+02	-2.352000e+03
3.000000e+02	-2.352000e+03
3.050000e+02	-2.352000e+03
3.100000e+02	-2.352000e+03
3.150000e+02	-2.352000e+03
3.200000e+02	-2.352000e+03
3.250000e+02	-2.352000e+03
3.300000e+02	-2.352000e+03
3.350000e+02	-2.352000e+03
3.400000e+02	-2.352000e+03
3.450000e+02	-2.352000e+03
3.500000e+02	-2.352000e+03
3.550000e+02	-2.352000e+03
3.600000e+02	-2.352000e+03
3.650000e+02	-2.352000e+03
3.700000e+02	-2.352000e+03
3.750000e+02	-2.352000e+03
3.800000e+02	-2.352000e+03
3.850000e+02	-2.352000e+03
3.900000e+02	-2.352000e+03
3.950000e+02	-2.352000e+03
4.000000e+02	-2.352000e+03
4.050000e+02	-2.352000e+03
4.100000e+02	-2.352000e+03
4.150000e+02	-2.352000e+03
4.200000e+02	-2.352000e+03
4.250000e+02	-2.352000e+03
4.300000e+02	-2.352000e+03
4.350000e+02	-2.337180e+03
4.400000e+02	-2.337180e+03
4.450000e+02	-2.337180e+03
4.500000e+02	-2.337180e+03
4.550000e+02	-2.337180e+03
4.600000e+02	-2.337180e+03
4.650000e+02	-2.337180e+03
4.700000e+02	-2.337180e+03
4.750000e+02	-2.337180e+03
4.800000e+02	-2.337180e+03
4.850000e+02	-2.337180e+03
4.900000e+02	-2.337180e+03
4.950000e+02	-2.337180e+03
5.000000e+02	-2.337180e+03
5.050000e+02	-2.337180e+03
5.100000e+02	-2.337180e+03
5.150000e+02	-2.337180e+03
5.200000e+02	-2.337180e+03
5.250000e+02	-2.337180e+03
5.300000e+02	-2.337180e+03
5.350000e+02	-2.337180e+03
5.400000e+02	-2.337180e+03
5.450000e+02	-2.337180e+03
5.500000e+02	-2.337180e+03
5.550000e+02	-2.337180e+03
5.600000e+02	-2.337180e+03
5.650000e+02	-2.337180e+03
5.700000e+02	-2.337180e+03
5.750000e+02	-2.337180e+03
5.800000e+02	-2.337180e+03
5.850000e+02	-2.337180e+03
5.900000e+02	-2.337180e+03
5.950000e+02	-2.337180e+03
6.000000e+02	-2.337180e+03
6.050000e+02	-2.337180e+03
6.100000e+02	-2.323920e+03
6.150000e+02	-2.323920e+03
6.200000e+02	-2.323920e+03
6.250000e+02	-2.323920e+03
6.300000e+02	-2.323920e+03
6.350000e+02	-2.323920e+03
6.400000e+02	-2.323920e+03
6.450000e+02	-2.323920e+03
6.500000e+02	-2.323920e+03
6.550000e+02	-2.323920e+03
6.600000e+02	-2.323920e+03
6.650000e+02	-2.323920e+03
6.700000e+02	-2.323920e+03
6.750000e+02	-2.323920e+03
6.800000e+02	-2.323920e+03
6.850000e+02	-2.323920e+03
6.900000e+02	-2.323920e+03
6.950000e+02	-2.323920e+03
7.000000e+02	-2.312220e+03
7.050000e+02	-2.312220e+03
7.100000e+02	-2.312220e+03
7.150000e+02	-2.312220e+03
7.200000e+02	-2.312220e+03
7.250000e+02	-2.312220e+03
7.300000e+02	-2.312220e+03
7.350000e+02	-2.312220e+03
7.400000e+02	-2.312220e+03
7.450000e+02	-2.312220e+03
7.500000e+02	-2.312220e+03
7.550000e+02	-2.312220e+03
7.600000e+02	-2.302080e+03
7.650000e+02	-2.302080e+03
7.700000e+02	-2.302080e+03
7.750000e+02	-2.302080e+03
7.800000e+02	-2.302080e+03
7.850000e+02	-2.302080e+03
7.900000e+02	-2.302080e+03
7.950000e+02	-2.302080e+03
8.000000e+02	-2.302080e+03
8.050000e+02	-2.293500e+03
8.100000e+02	-2.293500e+03
8.150000e+02	-2.293500e+03
8.200000e+02	-2.293500e+03
8.250000e+02	-2.293500e+03
8.300000e+02	-2.293500e+03
8.350000e+02	-2.293500e+03
8.400000e+02	-2.286480e+03
8.450000e+02	-2.286480e+03
8.500000e+02	-2.286480e+03
8.550000e+02	-2.286480e+03
8.600000e+02	-2.286480e+03
8.650000e+02	-2.286480e+03
8.700000e+02	-2.281020e+03
8.750000e+02	-2.281020e+03
8.800000e+02	-2.281020e+03
8.850000e+02	-2.281020e+03
8.900000e+02	-2.277120e+03
8.950000e+02	-2.277120e+03
9.000000e+02	-2.274780e+03
9.050000e+02	-2.274000e+03
9.100000e+02	-2.274000e+03
9.150000e+02	-2.274000e+03
9.200000e+02	-2.274000e+03
9.250000e+02	-2.274000e+03
9.300000e+02	-2.274000e+03
9.350000e+02	-2.274000e+03
9.400000e+02	-2.274000e+03
9.450000e+02	-2.274000e+03
9.500000e+02	-2.274000e+03
9.550000e+02	-2.274000e+03
9.600000e+02	-2.274000e+03
9.650000e+02	-2.274000e+03
9.700000e+02	-2.274000e+03
9.750000e+02	-2.274000e+03
9.800000e+02	-2.274000e+03
9.850000e+02	-2.274000e+03
9.900000e+02	-2.274000e+03
9.950000e+02	-2.274000e+03
1.000000e+03	-2.274000e+03
1.005000e+03	-2.274000e+03
1.010000e+03	-2.274000e+03
1.015000e+03	-2.274000e+03
1.020000e+03	-2.274000e+03
1.025000e+03	-2.274000e+03
1.030000e+03	-2.274000e+03
1.035000e+03	-2.274000e+03
1.040000e+03	-2.274000e+03
1.045000e+03	-2.274000e+03
1.050000e+03	-2.274000e+03
1.055000e+03	-2.274000e+03
1.060000e+03	-2.274000e+03
1.065000e+03	-2.274000e+03
1.070000e+03	-2.274000e+03
1.075000e+03	-2.274000e+03
1.080000e+03	-2.274000e+03
1.085000e+03	-2.274000e+03
1.090000e+03	-2.274000e+03
1.095000e+03	-2.274000e+03
1.100000e+03	-2.274000e+03
1.105000e+03	-2.274000e+03
1.110000e+03	-2.274000e+03
1.115000e+03	-2.274000e+03
1.120000e+03	-2.274000e+03
1.125000e+03	-2.274000e+03
1.130000e+03	-2.274000e+03
1.135000e+03	-2.274000e+03
1.140000e+03	-2.274000e+03
1.145000e+03	-2.274000e+03
1.150000e+03	-2.274000e+03
1.155000e+03	-2.274000e+03
1.160000e+03	-2.274000e+03
1.165000e+03	-2.274000e+03
1.170000e+03	-2.274000e+03
1.175000e+03	-2.274000e+03
1.180000e+03	-2.274000e+03
1.185000e+03	-2.274000e+03
1.190000e+03	-2.274000e+03
1.195000e+03	-2.274000e+03
